QueryID DocumentName Rank Precision
1	CACM-1938	5	0.0
1	CACM-1657	20	0.1
2	CACM-2863	5	0.6
2	CACM-2905	20	0.15
3	CACM-2112	5	0.0
3	CACM-1134	20	0.05
4	CACM-2905	5	0.0
4	CACM-2721	20	0.1
5	CACM-2629	5	0.2
5	CACM-2820	20	0.1
6	CACM-1543	5	0.4
6	CACM-1014	20	0.1
7	CACM-3128	5	0.8
7	CACM-3141	20	0.3
8	CACM-3032	5	0.4
8	CACM-2358	20	0.1
9	CACM-2951	5	0.4
9	CACM-2424	20	0.25
10	CACM-1747	5	1.0
10	CACM-2705	20	0.5
11	CACM-2717	5	0.6
11	CACM-1043	20	0.5
12	CACM-1680	5	0.4
12	CACM-2151	20	0.1
13	CACM-2033	5	0.4
13	CACM-2944	20	0.15
14	CACM-2263	5	0.2
14	CACM-2816	20	0.15
15	CACM-2701	5	0.2
15	CACM-1886	20	0.1
16	CACM-2217	5	0.2
16	CACM-2622	20	0.1
17	CACM-2491	5	0.2
17	CACM-2344	20	0.15
18	CACM-1988	5	0.2
18	CACM-1366	20	0.1
19	CACM-2714	5	0.8
19	CACM-2433	20	0.35
20	CACM-2368	5	0.4
20	CACM-1924	20	0.15
21	CACM-2325	5	0.0
21	CACM-2499	20	0.15
22	CACM-0616	5	0.2
22	CACM-0531	20	0.05
23	CACM-2949	5	0.6
23	CACM-2216	20	0.15
24	CACM-1410	5	0.2
24	CACM-0020	20	0.05
25	CACM-2319	5	0.6
25	CACM-2951	20	0.45
26	CACM-2632	5	0.2
26	CACM-1728	20	0.15
27	CACM-2319	5	0.6
27	CACM-1725	20	0.35
28	CACM-2892	5	0.8
28	CACM-1989	20	0.2
29	CACM-3021	5	0.0
29	CACM-1924	20	0.05
30	CACM-1926	5	0.2
30	CACM-2987	20	0.1
31	CACM-1686	5	0.2
31	CACM-2125	20	0.1
32	CACM-2484	5	0.2
32	CACM-2568	20	0.1
33	CACM-2177	5	0.0
33	CACM-1143	20	0.05
36	CACM-2811	5	0.2
36	CACM-1162	20	0.1
37	CACM-3105	5	0.4
37	CACM-2003	20	0.15
38	CACM-3105	5	0.2
38	CACM-1470	20	0.05
39	CACM-2470	5	0.2
39	CACM-1379	20	0.25
40	CACM-2956	5	0.4
40	CACM-2941	20	0.25
42	CACM-2232	5	0.2
42	CACM-1908	20	0.2
43	CACM-3098	5	0.0
43	CACM-3100	20	0.25
44	CACM-2812	5	0.4
44	CACM-1989	20	0.15
45	CACM-2114	5	0.6
45	CACM-2375	20	0.3
48	CACM-2968	5	0.0
48	CACM-1601	20	0.05
49	CACM-1032	5	0.0
49	CACM-2307	20	0.15
57	CACM-2700	5	0.2
57	CACM-2113	20	0.05
58	CACM-2849	5	0.6
58	CACM-3166	20	0.25
59	CACM-1235	5	0.6
59	CACM-1051	20	0.3
60	CACM-1844	5	0.2
60	CACM-2358	20	0.2
61	CACM-1976	5	1.0
61	CACM-2561	20	0.5
62	CACM-1143	5	0.0
62	CACM-2289	20	0.1
63	CACM-2973	5	0.6
63	CACM-2700	20	0.35
64	CACM-2931	5	0.2
64	CACM-2622	20	0.05
