QueryID DocumentName Rank Precision
1	CACM-1071	5	0.0
1	CACM-2357	20	0.05
2	CACM-1282	5	0.2
2	CACM-1333	20	0.05
3	CACM-1788	5	0.2
3	CACM-2581	20	0.05
4	CACM-1470	5	0.2
4	CACM-2851	20	0.1
5	CACM-1435	5	0.4
5	CACM-1742	20	0.1
6	CACM-1365	5	0.4
6	CACM-2572	20	0.1
7	CACM-3104	5	0.6
7	CACM-1676	20	0.25
8	CACM-0615	5	0.2
8	CACM-2203	20	0.05
9	CACM-2869	5	0.6
9	CACM-1745	20	0.3
10	CACM-2895	5	1.0
10	CACM-0392	20	0.8
11	CACM-2527	5	1.0
11	CACM-2898	20	0.4
12	CACM-3089	5	0.2
12	CACM-1226	20	0.1
13	CACM-2748	5	0.6
13	CACM-1757	20	0.2
14	CACM-0132	5	0.8
14	CACM-1956	20	0.7
15	CACM-2574	5	0.2
15	CACM-1961	20	0.15
16	CACM-2452	5	0.4
16	CACM-3153	20	0.2
17	CACM-1795	5	0.0
17	CACM-2834	20	0.2
18	CACM-2433	5	0.6
18	CACM-2401	20	0.3
19	CACM-2266	5	0.6
19	CACM-2851	20	0.35
20	CACM-2199	5	0.2
20	CACM-2172	20	0.15
21	CACM-2837	5	0.0
21	CACM-2703	20	0.25
22	CACM-2369	5	0.2
22	CACM-2674	20	0.15
23	CACM-2197	5	0.6
23	CACM-1224	20	0.2
24	CACM-3030	5	0.0
24	CACM-2523	20	0.05
25	CACM-3070	5	0.8
25	CACM-2319	20	0.6
26	CACM-3128	5	0.2
26	CACM-1033	20	0.1
27	CACM-2859	5	0.8
27	CACM-1753	20	0.45
28	CACM-2890	5	0.6
28	CACM-2969	20	0.2
29	CACM-2927	5	0.8
29	CACM-2109	20	0.6
30	CACM-1926	5	0.4
30	CACM-1502	20	0.1
31	CACM-1327	5	0.4
31	CACM-2529	20	0.1
32	CACM-1839	5	0.2
32	CACM-2290	20	0.1
33	CACM-1423	5	0.0
33	CACM-3138	20	0.0
36	CACM-2310	5	0.0
36	CACM-2811	20	0.0
37	CACM-3103	5	0.2
37	CACM-2850	20	0.1
38	CACM-2265	5	0.8
38	CACM-2940	20	0.35
39	CACM-3105	5	0.6
39	CACM-2244	20	0.15
40	CACM-2937	5	0.4
40	CACM-2310	20	0.2
42	CACM-3048	5	1.0
42	CACM-2452	20	0.35
43	CACM-3107	5	0.4
43	CACM-2054	20	0.35
44	CACM-2325	5	0.8
44	CACM-1653	20	0.25
45	CACM-1976	5	0.4
45	CACM-2882	20	0.5
48	CACM-1729	5	0.8
48	CACM-3029	20	0.45
49	CACM-2519	5	0.2
49	CACM-3168	20	0.15
57	CACM-2922	5	0.2
57	CACM-1625	20	0.05
58	CACM-1779	5	0.2
58	CACM-1344	20	0.3
59	CACM-1456	5	0.8
59	CACM-2739	20	0.4
60	CACM-3070	5	0.6
60	CACM-3002	20	0.3
61	CACM-1935	5	0.6
61	CACM-2688	20	0.4
62	CACM-1262	5	0.6
62	CACM-1302	20	0.3
63	CACM-2700	5	0.6
63	CACM-2401	20	0.45
64	CACM-1148	5	0.0
64	CACM-0497	20	0.0
