QueryID DocumentName Rank Precision
1	CACM-2344	5	0.0
1	CACM-1657	20	0.05
2	CACM-1155	5	0.0
2	CACM-3078	20	0.05
3	CACM-1134	5	0.2
3	CACM-1676	20	0.05
4	CACM-2851	5	0.0
4	CACM-3111	20	0.05
5	CACM-2145	5	0.2
5	CACM-3049	20	0.1
6	CACM-1664	5	0.4
6	CACM-0104	20	0.1
7	CACM-2931	5	0.0
7	CACM-1003	20	0.1
8	CACM-2991	5	0.2
8	CACM-0278	20	0.05
9	CACM-2372	5	0.2
9	CACM-1989	20	0.25
10	CACM-2060	5	1.0
10	CACM-2685	20	0.75
11	CACM-3077	5	0.8
11	CACM-2898	20	0.45
12	CACM-1680	5	0.2
12	CACM-1033	20	0.1
13	CACM-2897	5	0.2
13	CACM-2389	20	0.05
14	CACM-3156	5	0.0
14	CACM-2142	20	0.05
15	CACM-2884	5	0.2
15	CACM-2142	20	0.05
16	CACM-1223	5	0.0
16	CACM-3157	20	0.1
17	CACM-1665	5	0.2
17	CACM-1726	20	0.15
18	CACM-3005	5	0.2
18	CACM-1542	20	0.15
19	CACM-2973	5	0.4
19	CACM-2865	20	0.35
20	CACM-2986	5	0.4
20	CACM-1707	20	0.1
21	CACM-1429	5	0.2
21	CACM-1659	20	0.1
22	CACM-2402	5	0.0
22	CACM-1623	20	0.0
23	CACM-2313	5	0.2
23	CACM-2082	20	0.1
24	CACM-2535	5	0.0
24	CACM-3103	20	0.0
25	CACM-1827	5	0.6
25	CACM-1938	20	0.5
26	CACM-1922	5	0.0
26	CACM-2849	20	0.1
27	CACM-2902	5	0.4
27	CACM-2740	20	0.45
28	CACM-2515	5	0.6
28	CACM-2274	20	0.2
29	CACM-1539	5	0.4
29	CACM-1725	20	0.35
30	CACM-2501	5	0.2
30	CACM-2065	20	0.1
31	CACM-3015	5	0.2
31	CACM-2211	20	0.1
32	CACM-2289	5	0.2
32	CACM-1846	20	0.05
33	CACM-1143	5	0.0
33	CACM-3086	20	0.0
36	CACM-1527	5	0.0
36	CACM-1665	20	0.05
37	CACM-2233	5	0.4
37	CACM-2939	20	0.2
38	CACM-3031	5	0.4
38	CACM-2524	20	0.2
39	CACM-2958	5	0.6
39	CACM-1783	20	0.15
40	CACM-1588	5	0.4
40	CACM-1989	20	0.15
42	CACM-2231	5	0.0
42	CACM-2883	20	0.0
43	CACM-2829	5	0.4
43	CACM-3152	20	0.2
44	CACM-1855	5	0.4
44	CACM-1801	20	0.1
45	CACM-2765	5	0.4
45	CACM-2535	20	0.25
48	CACM-2822	5	0.0
48	CACM-2210	20	0.05
49	CACM-1032	5	0.2
49	CACM-3087	20	0.1
57	CACM-2850	5	0.2
57	CACM-2898	20	0.05
58	CACM-1517	5	0.0
58	CACM-3138	20	0.0
59	CACM-1681	5	0.2
59	CACM-2484	20	0.25
60	CACM-1108	5	0.2
60	CACM-2807	20	0.2
61	CACM-3147	5	0.4
61	CACM-2870	20	0.15
62	CACM-1906	5	0.4
62	CACM-2195	20	0.25
63	CACM-2342	5	0.6
63	CACM-1468	20	0.45
64	CACM-3112	5	0.0
64	CACM-2184	20	0.0
