QueryID DocumentName Rank Precision
1	CACM-2629	5	0.2
1	CACM-1506	20	0.1
2	CACM-1014	5	0.6
2	CACM-1168	20	0.15
3	CACM-2659	5	0.2
3	CACM-2897	20	0.05
4	CACM-2895	5	0.4
4	CACM-2900	20	0.2
5	CACM-2357	5	0.4
5	CACM-1742	20	0.15
6	CACM-0605	5	0.4
6	CACM-2389	20	0.15
7	CACM-3128	5	0.8
7	CACM-3014	20	0.55
8	CACM-2776	5	0.4
8	CACM-2614	20	0.1
9	CACM-1808	5	0.4
9	CACM-3128	20	0.3
10	CACM-1262	5	0.8
10	CACM-2896	20	0.8
11	CACM-2647	5	0.6
11	CACM-3077	20	0.5
12	CACM-1461	5	0.4
12	CACM-1728	20	0.1
13	CACM-3080	5	0.8
13	CACM-2858	20	0.25
14	CACM-3164	5	0.8
14	CACM-2108	20	0.65
15	CACM-1231	5	0.4
15	CACM-3080	20	0.15
16	CACM-2378	5	0.2
16	CACM-1748	20	0.15
17	CACM-3080	5	0.2
17	CACM-2835	20	0.15
18	CACM-2685	5	0.4
18	CACM-0392	20	0.3
19	CACM-3156	5	1.0
19	CACM-1468	20	0.35
20	CACM-2630	5	0.6
20	CACM-2430	20	0.15
21	CACM-2927	5	0.0
21	CACM-2784	20	0.2
22	CACM-2678	5	0.2
22	CACM-2078	20	0.15
23	CACM-2949	5	0.6
23	CACM-2900	20	0.2
24	CACM-1540	5	0.4
24	CACM-2376	20	0.15
25	CACM-2812	5	0.4
25	CACM-2798	20	0.5
26	CACM-1680	5	0.0
26	CACM-2878	20	0.25
27	CACM-2358	5	0.6
27	CACM-3153	20	0.6
28	CACM-2892	5	0.8
28	CACM-2969	20	0.2
29	CACM-1841	5	0.8
29	CACM-2067	20	0.6
30	CACM-1739	5	0.4
30	CACM-2623	20	0.2
31	CACM-1144	5	0.2
31	CACM-1929	20	0.1
32	CACM-2368	5	0.2
32	CACM-2052	20	0.1
33	CACM-2047	5	0.2
33	CACM-3016	20	0.05
36	CACM-1012	5	0.0
36	CACM-2982	20	0.15
37	CACM-3031	5	0.4
37	CACM-3142	20	0.25
38	CACM-3105	5	0.8
38	CACM-2939	20	0.5
39	CACM-1861	5	0.4
39	CACM-2931	20	0.35
40	CACM-2406	5	0.6
40	CACM-2699	20	0.3
42	CACM-2542	5	0.8
42	CACM-2452	20	0.3
43	CACM-2847	5	0.2
43	CACM-2841	20	0.4
44	CACM-2325	5	0.8
44	CACM-1653	20	0.3
45	CACM-3137	5	0.8
45	CACM-2542	20	0.35
48	CACM-2475	5	0.4
48	CACM-2510	20	0.4
49	CACM-1032	5	0.0
49	CACM-1935	20	0.15
57	CACM-2922	5	0.2
57	CACM-3091	20	0.05
58	CACM-2825	5	0.8
58	CACM-0942	20	0.4
59	CACM-1681	5	0.4
59	CACM-2111	20	0.55
60	CACM-2957	5	0.8
60	CACM-2964	20	0.7
61	CACM-0634	5	1.0
61	CACM-1935	20	0.65
62	CACM-2973	5	0.4
62	CACM-0392	20	0.25
63	CACM-3156	5	1.0
63	CACM-1158	20	0.5
64	CACM-1588	5	0.2
64	CACM-1046	20	0.05
