Score
0.012614979
Score
0.0077481554
Score
0.27824968
0.19554
0.17126894
0.1640457
0.15660633
0.15031096
0.14685962
0.14257492
0.13141821
0.1259998
0.124486715
0.12287855
0.11948865
0.113287486
0.11163918
0.11023198
0.11023198
0.10905838
0.1048397
0.10333338
0.10333338
0.10286303
0.0994706
0.09859448
0.09859448
0.09668316
0.09521622
0.09377258
0.09308251
0.09308251
0.08954236
0.08943015
0.089351065
0.0867279
0.08619927
0.08601435
0.08384508
0.08300883
0.08241309
0.07962747
0.07664019
0.07586991
0.07586991
0.07477647
0.07477647
0.07402492
0.074019
0.07375199
0.07375199
0.07325989
0.07268549
0.07096876
0.069796905
0.0687276
0.06772863
0.06744096
0.06566339
0.06566339
0.064954385
0.06479362
0.06404456
0.06404456
0.06380711
0.062024474
0.062024474
0.059210252
0.057967294
0.056440096
0.056440096
0.05599124
0.05599124
0.05599124
0.055786073
0.054911662
0.054911662
0.05180257
0.05180257
0.051745772
0.051724356
0.051724356
0.051724356
0.051277585
0.051109057
0.05014486
0.050049633
0.049833756
0.049803644
0.045364928
0.045327246
0.04486588
0.04486588
0.04472355
0.04444787
0.044421688
0.04296425
0.04258126
0.042580508
0.03956374
0.037116792
0.037037108
0.03699197
0.035782497
0.033165023
0.03286702
0.03266295
0.032585703
0.032585703
0.032585703
0.032077845
0.031877756
0.031877756
0.031497158
0.031497158
0.030236024
0.029135583
0.029135583
0.028654203
0.028466474
0.027484607
0.027056452
0.026905745
0.026905745
0.02678452
0.02678452
0.02678452
0.02678452
0.02678452
0.02678452
0.025922816
0.02581397
0.02581397
0.02390797
0.023907734
0.023542529
0.023542529
0.023308467
0.023275502
0.023275502
0.023225158
0.023225158
0.022912746
0.022912746
0.022912746
0.022167584
0.022078846
0.02116406
0.020492544
0.020424476
0.019982707
0.019923598
0.019894049
0.019806482
0.0191318
0.0191318
0.0191318
0.0191318
0.0191318
0.018898293
0.018620402
0.018527268
0.018330198
0.018253233
0.018253233
0.01807255
0.01807255
0.01807255
0.01806978
0.01806978
0.016917216
0.016825905
0.016825905
0.016816093
0.01623387
0.01623387
0.015748579
0.0154883815
0.01530544
0.01530544
0.01530544
0.01530544
0.01530544
0.01530544
0.01530544
0.015118012
0.015118012
0.0145677915
0.014287604
0.014005298
0.014005298
0.013965301
0.013747647
0.013421485
0.01339226
0.0129089635
0.012779221
0.012777264
0.012252084
0.012128944
0.012128944
0.01209441
0.01207523
0.012018505
0.012004541
0.01147908
0.01117949
0.0110671315
0.0110671315
0.0110671315
0.0110671315
0.010205432
0.009903241
0.009903241
0.009903241
0.009890935
0.009801667
0.009801667
0.009801667
0.009801667
0.009614803
0.0095659
0.0095659
0.009310201
0.009165099
0.0091280155
0.009082261
0.009036275
0.009036275
0.009036275
0.009036275
0.009036275
0.009036275
0.009036275
0.009036275
0.009036275
0.009036275
0.0089476565
0.00866353
0.008488493
0.008488493
0.008164345
0.007905094
0.0078292
0.0077453777
0.00765272
0.0073512504
0.0073024123
0.0072451374
0.0070737433
0.007002649
0.007002649
0.007002649
0.007002649
0.007002649
0.007002649
0.007002649
0.007002649
0.007002649
0.007002649
0.007002649
0.007002649
0.007002649
0.0064544817
0.0064544817
0.0064544817
0.0063896105
0.0063896105
0.0063896105
0.0063896105
0.0063896105
0.0063896105
0.0063896105
0.0063896105
0.0063896105
0.0063896105
0.0063896105
0.0063896105
0.0063896105
0.0063240747
0.0063240747
0.0063240747
0.0063240747
0.0060022706
0.0060022706
0.0060022706
0.0060022706
0.0060022706
0.0060022706
0.005658995
0.005658995
0.005658995
0.005658995
0.005658995
0.0051981183
0.0051635853
0.005001892
0.005001892
0.005001892
0.005001892
0.0049516205
0.0049516205
0.004743056
0.0045640077
0.0045640077
0.0045640077
0.0045640077
0.004471796
0.004331765
0.0042442465
0.0042442465
0.0042442465
0.0042442465
0.0042442465
0.0040821726
0.0040015136
0.0040015136
0.0040015136
0.0040015136
0.0040015136
0.0040015136
0.0040015136
0.0040015136
0.0040015136
0.0040015136
0.0038726889
0.0036512061
0.0036512061
0.0036512061
0.003571901
0.0031948052
0.0031948052
0.0031620373
0.0030011353
0.0030011353
0.0030011353
0.0030011353
0.0030011353
0.0028294974
0.0027384046
0.0027384046
0.002500946
0.002500946
0.0022820039
0.0022820039
0.0022820039
0.0022820039
Score
0.27824968
0.19554
0.17126894
0.1640457
0.15660633
0.15031096
0.14685962
0.14257492
0.13141821
0.1259998
0.124486715
0.12287855
0.11948865
0.113287486
0.11163918
0.11023198
0.11023198
0.10905838
0.1048397
0.10333338
0.10333338
0.10286303
0.0994706
0.09859448
0.09859448
0.09668316
0.09521622
0.09377258
0.09308251
0.09308251
0.08954236
0.08943015
0.089351065
0.0867279
0.08619927
0.08601435
0.08384508
0.08300883
0.08241309
0.07962747
0.07664019
0.07586991
0.07586991
0.07477647
0.07477647
0.07402492
0.074019
0.07375199
0.07375199
0.07325989
0.07268549
0.07096876
0.069796905
0.0687276
0.06772863
0.06744096
0.06566339
0.06566339
0.064954385
0.06479362
0.06404456
0.06404456
0.06380711
0.062024474
0.062024474
0.059210252
0.057967294
0.056440096
0.056440096
0.05599124
0.05599124
0.05599124
0.055786073
0.054911662
0.054911662
0.05180257
0.05180257
0.051745772
0.051724356
0.051724356
0.051724356
0.051277585
0.051109057
0.05014486
0.050049633
0.049833756
0.049803644
0.045364928
0.045327246
0.04486588
0.04486588
0.04472355
0.04444787
0.044421688
0.04296425
0.04258126
0.042580508
0.03956374
0.037116792
0.037037108
0.03699197
0.035782497
0.033165023
0.03286702
0.03266295
0.032585703
0.032585703
0.032585703
0.032077845
0.031877756
0.031877756
0.031497158
0.031497158
0.030236024
0.029135583
0.029135583
0.028654203
0.028466474
0.027484607
0.027056452
0.026905745
0.026905745
0.02678452
0.02678452
0.02678452
0.02678452
0.02678452
0.02678452
0.025922816
0.02581397
0.02581397
0.02390797
0.023907734
0.023542529
0.023542529
0.023308467
0.023275502
0.023275502
0.023225158
0.023225158
0.022912746
0.022912746
0.022912746
0.022167584
0.022078846
0.02116406
0.020492544
0.020424476
0.019982707
0.019923598
0.019894049
0.019806482
0.0191318
0.0191318
0.0191318
0.0191318
0.0191318
0.018898293
0.018620402
0.018527268
0.018330198
0.018253233
0.018253233
0.01807255
0.01807255
0.01807255
0.01806978
0.01806978
0.016917216
0.016825905
0.016825905
0.016816093
0.01623387
0.01623387
0.015748579
0.0154883815
0.01530544
0.01530544
0.01530544
0.01530544
0.01530544
0.01530544
0.01530544
0.015118012
0.015118012
0.0145677915
0.014287604
0.014005298
0.014005298
0.013965301
0.013747647
0.013421485
0.01339226
0.0129089635
0.012779221
0.012777264
0.012252084
0.012128944
0.012128944
0.01209441
0.01207523
0.012018505
0.012004541
0.01147908
0.01117949
0.0110671315
0.0110671315
0.0110671315
0.0110671315
0.010205432
0.009903241
0.009903241
0.009903241
0.009890935
0.009801667
0.009801667
0.009801667
0.009801667
0.009614803
0.0095659
0.0095659
0.009310201
0.009165099
0.0091280155
0.009082261
0.009036275
0.009036275
0.009036275
0.009036275
0.009036275
0.009036275
0.009036275
0.009036275
0.009036275
0.009036275
0.0089476565
0.00866353
0.008488493
0.008488493
0.008164345
0.007905094
0.0078292
0.0077453777
0.00765272
0.0073512504
0.0073024123
0.0072451374
0.0070737433
0.007002649
0.007002649
0.007002649
0.007002649
0.007002649
0.007002649
0.007002649
0.007002649
0.007002649
0.007002649
0.007002649
0.007002649
0.007002649
0.0064544817
0.0064544817
0.0064544817
0.0063896105
0.0063896105
0.0063896105
0.0063896105
0.0063896105
0.0063896105
0.0063896105
0.0063896105
0.0063896105
0.0063896105
0.0063896105
0.0063896105
0.0063896105
0.0063240747
0.0063240747
0.0063240747
0.0063240747
0.0060022706
0.0060022706
0.0060022706
0.0060022706
0.0060022706
0.0060022706
0.005658995
0.005658995
0.005658995
0.005658995
0.005658995
0.0051981183
0.0051635853
0.005001892
0.005001892
0.005001892
0.005001892
0.0049516205
0.0049516205
0.004743056
0.0045640077
0.0045640077
0.0045640077
0.0045640077
0.004471796
0.004331765
0.0042442465
0.0042442465
0.0042442465
0.0042442465
0.0042442465
0.0040821726
0.0040015136
0.0040015136
0.0040015136
0.0040015136
0.0040015136
0.0040015136
0.0040015136
0.0040015136
0.0040015136
0.0040015136
0.0038726889
0.0036512061
0.0036512061
0.0036512061
0.003571901
0.0031948052
0.0031948052
0.0031620373
0.0030011353
0.0030011353
0.0030011353
0.0030011353
0.0030011353
0.0028294974
0.0027384046
0.0027384046
0.002500946
0.002500946
0.0022820039
0.0022820039
0.0022820039
0.0022820039
