QueryID DocumentName Rank Precision
1	CACM-1410	5	0.4
1	CACM-1161	20	0.1
2	CACM-1364	5	0.6
2	CACM-2304	20	0.15
3	CACM-3115	5	0.0
3	CACM-1062	20	0.1
4	CACM-3141	5	0.4
4	CACM-2721	20	0.15
5	CACM-2299	5	0.4
5	CACM-2169	20	0.25
6	CACM-2230	5	0.4
6	CACM-2389	20	0.15
7	CACM-3141	5	0.8
7	CACM-1623	20	0.45
8	CACM-2541	5	0.4
8	CACM-2197	20	0.1
9	CACM-3174	5	0.6
9	CACM-3177	20	0.3
10	CACM-2700	5	0.8
10	CACM-2896	20	0.7
11	CACM-2717	5	0.6
11	CACM-2246	20	0.5
12	CACM-1461	5	0.4
12	CACM-1728	20	0.1
13	CACM-3080	5	0.8
13	CACM-1231	20	0.3
14	CACM-0856	5	0.8
14	CACM-0861	20	0.65
15	CACM-2344	5	0.2
15	CACM-1676	20	0.15
16	CACM-0243	5	0.2
16	CACM-1032	20	0.15
17	CACM-1947	5	0.2
17	CACM-2423	20	0.2
18	CACM-1795	5	0.4
18	CACM-1828	20	0.3
19	CACM-3156	5	1.0
19	CACM-1468	20	0.35
20	CACM-2490	5	0.6
20	CACM-2052	20	0.15
21	CACM-2837	5	0.2
21	CACM-2743	20	0.15
22	CACM-1741	5	0.2
22	CACM-2152	20	0.15
23	CACM-2949	5	0.6
23	CACM-1525	20	0.2
24	CACM-1540	5	0.4
24	CACM-2376	20	0.15
25	CACM-2542	5	0.6
25	CACM-2535	20	0.5
26	CACM-3068	5	0.0
26	CACM-2541	20	0.2
27	CACM-1752	5	0.8
27	CACM-1725	20	0.55
28	CACM-2849	5	0.8
28	CACM-0828	20	0.2
29	CACM-1841	5	0.8
29	CACM-3037	20	0.6
30	CACM-2537	5	0.4
30	CACM-1170	20	0.15
31	CACM-2283	5	0.2
31	CACM-2829	20	0.1
32	CACM-2484	5	0.2
32	CACM-3040	20	0.1
33	CACM-1423	5	0.2
33	CACM-3016	20	0.05
36	CACM-1989	5	0.0
36	CACM-2423	20	0.25
37	CACM-1847	5	0.2
37	CACM-2560	20	0.1
38	CACM-2470	5	0.6
38	CACM-2622	20	0.4
39	CACM-2470	5	0.2
39	CACM-1835	20	0.3
40	CACM-1588	5	0.4
40	CACM-1835	20	0.3
42	CACM-3048	5	1.0
42	CACM-2452	20	0.35
43	CACM-3125	5	0.2
43	CACM-2287	20	0.4
44	CACM-2924	5	1.0
44	CACM-1325	20	0.3
45	CACM-2765	5	0.8
45	CACM-2359	20	0.45
48	CACM-1666	5	0.6
48	CACM-2285	20	0.45
49	CACM-2390	5	0.2
49	CACM-2519	20	0.15
57	CACM-2700	5	0.2
57	CACM-2113	20	0.05
58	CACM-1398	5	0.8
58	CACM-1619	20	0.55
59	CACM-1700	5	0.8
59	CACM-3046	20	0.45
60	CACM-2816	5	0.8
60	CACM-2710	20	0.65
61	CACM-2990	5	1.0
61	CACM-2516	20	0.7
62	CACM-1158	5	0.2
62	CACM-1302	20	0.3
63	CACM-0950	5	1.0
63	CACM-2895	20	0.55
64	CACM-3142	5	0.2
64	CACM-1853	20	0.05
